0 178.12 21.8018 -1689.14 346.856 11.9327 -1708.41 28.396 89.242 -1679.79 37.8146 -30.1725 -1664.2 -46.2244 -14.9054 -1657.14 -61.3192 84.5234 -1668.95 0 178.104 21.8145 -1689.14 346.837 11.936 -1708.41 78.4736 86.3174 -1675.19 85.8232 -34.2379 -1676.7 1.91745 -18.6642 -1668.94 -11.4909 81.6792 -1666.65 
1 178.098 21.8333 -1689.13 346.829 11.9472 -1708.4 30.4475 88.9596 -1660.59 36.0841 -30.0543 -1680.5 -47.5772 -14.5169 -1671.38 -59.661 84.4742 -1653.98 1 178.106 21.8355 -1689.13 346.838 11.9448 -1708.39 79.4928 85.0393 -1668.65 85.1006 -34.7532 -1683.16 1.41821 -18.8076 -1674.31 -10.5945 80.8688 -1661.33 
2 178.106 21.8379 -1689.12 346.845 11.9481 -1708.4 30.6499 88.398 -1664.31 35.8789 -31.2577 -1679.98 -47.6413 -15.2584 -1670.18 -59.3581 84.298 -1656.13 2 178.11 21.8409 -1689.12 346.842 11.9481 -1708.39 79.2966 86.2102 -1672.13 85.9418 -34.1567 -1680.14 2.1479 -18.4945 -1671.68 -10.7068 81.6223 -1664.05 
3 178.103 21.8408 -1689.12 346.835 11.9463 -1708.39 29.7264 89.3697 -1671.59 36.8381 -31.2313 -1672.9 -46.9009 -15.4494 -1664.3 -60.1246 84.8961 -1662.1 3 178.105 21.8408 -1689.1 346.834 11.9452 -1708.37 78.9397 86.083 -1673.59 85.8925 -34.4471 -1677.92 2.04877 -18.7355 -1670.01 -11.0668 81.5322 -1665.42 
4 178.108 21.8409 -1689.1 346.841 11.9451 -1708.4 30.1953 89.2827 -1666.42 36.367 -30.8573 -1677.57 -47.2835 -15.1446 -1668.23 -59.7679 84.7775 -1657.98 4 178.11 21.8375 -1689.1 346.851 11.9421 -1708.4 79.0932 85.9889 -1674.62 86.0831 -34.5886 -1677.52 2.26724 -18.8151 -1669.26 -10.85 81.5051 -1665.84 
5 178.118 21.8283 -1689.12 346.852 11.9316 -1708.4 30.377 89.1425 -1664.89 36.3206 -30.7952 -1678.08 -47.3327 -15.0412 -1668.94 -59.6325 84.7312 -1657 5 178.116 21.8273 -1689.1 346.851 11.9297 -1708.4 79.2812 85.6586 -1673.44 85.7856 -34.8678 -1678.75 2.02691 -18.9199 -1670.46 -10.704 81.3644 -1665.02 
6 178.112 21.827 -1689.08 346.842 11.9271 -1708.39 30.3906 89.1262 -1664.86 36.2052 -30.6554 -1679.52 -47.3954 -14.9769 -1669.69 -59.5769 84.6552 -1656.5 6 178.112 21.8258 -1689.08 346.848 11.9264 -1708.39 78.87 85.9818 -1677.08 86.3593 -34.5927 -1675.2 2.46709 -18.8584 -1667.54 -11.0646 81.4722 -1668.1 
7 178.11 21.825 -1689.08 346.845 11.9244 -1708.4 29.5263 89.5408 -1672.5 37.2727 -31.0223 -1670.5 -46.5842 -15.4592 -1662.64 -60.3481 84.8306 -1663.28 7 178.131 21.823 -1689.08 346.865 11.9301 -1708.39 78.6412 86.1493 -1676.7 86.3327 -34.426 -1675.35 2.41606 -18.8602 -1667.77 -11.2948 81.4455 -1667.88 
8 178.15 21.8201 -1689.08 346.883 11.928 -1708.39 30.8946 88.258 -1661.94 35.7017 -30.6898 -1682.61 -47.7447 -14.7746 -1672.11 -59.1319 84.175 -1654.07 8 178.153 21.823 -1689.05 346.88 11.9329 -1708.37 79.5327 85.1025 -1667.42 84.9249 -34.4567 -1683.95 1.29493 -18.4889 -1674.98 -10.5737 80.9828 -1660.37 
9 178.15 22.2229 -1689.06 346.891 12.3268 -1708.38 30.4816 88.871 -1665.55 36.1938 -31.0672 -1678.83 -47.3582 -15.2201 -1669.14 -59.4857 84.5719 -1657.12 9 178.154 22.2275 -1689.05 346.893 12.3288 -1708.37 79.2339 86.0158 -1673.64 85.8106 -34.5588 -1677.58 2.04749 -18.5726 -1669.78 -10.7869 81.7589 -1665.5 
