0 178.12 21.8018 -1689.14 346.856 11.9327 -1708.41 28.396 89.242 -1679.79 37.8146 -30.1725 -1664.2 -46.2244 -14.9054 -1657.14 -61.3192 84.5234 -1668.95 0 178.104 21.8145 -1689.14 346.837 11.936 -1708.41 78.4736 86.3174 -1675.19 85.8232 -34.2379 -1676.7 1.91745 -18.6642 -1668.94 -11.4909 81.6792 -1666.65 
1 178.098 21.8333 -1689.13 346.829 11.9472 -1708.4 30.4475 88.9596 -1660.59 36.0841 -30.0543 -1680.5 -47.5772 -14.5169 -1671.38 -59.661 84.4742 -1653.98 1 178.106 21.8355 -1689.13 346.838 11.9448 -1708.39 79.4928 85.0393 -1668.65 85.1006 -34.7532 -1683.16 1.41821 -18.8076 -1674.31 -10.5945 80.8688 -1661.33 
2 178.106 21.8379 -1689.12 346.845 11.9481 -1708.4 30.6499 88.398 -1664.31 35.8789 -31.2577 -1679.98 -47.6413 -15.2584 -1670.18 -59.3581 84.298 -1656.13 2 178.11 21.8409 -1689.12 346.842 11.9481 -1708.39 79.2966 86.2102 -1672.13 85.9418 -34.1567 -1680.14 2.1479 -18.4945 -1671.68 -10.7068 81.6223 -1664.05 
3 178.103 21.8408 -1689.12 346.835 11.9463 -1708.39 29.7264 89.3697 -1671.59 36.8381 -31.2313 -1672.9 -46.9009 -15.4494 -1664.3 -60.1246 84.8961 -1662.1 3 178.105 21.8408 -1689.1 346.834 11.9452 -1708.37 78.9397 86.083 -1673.59 85.8925 -34.4471 -1677.92 2.04877 -18.7355 -1670.01 -11.0668 81.5322 -1665.42 
4 178.108 21.8409 -1689.1 346.841 11.9451 -1708.4 30.1953 89.2827 -1666.42 36.367 -30.8573 -1677.57 -47.2835 -15.1446 -1668.23 -59.7679 84.7775 -1657.98 4 178.11 21.8375 -1689.1 346.851 11.9421 -1708.4 79.0932 85.9889 -1674.62 86.0831 -34.5886 -1677.52 2.26724 -18.8151 -1669.26 -10.85 81.5051 -1665.84 
5 178.118 21.8283 -1689.12 346.852 11.9316 -1708.4 30.377 89.1425 -1664.89 36.3206 -30.7952 -1678.08 -47.3327 -15.0412 -1668.94 -59.6325 84.7312 -1657 5 178.116 21.8273 -1689.1 346.851 11.9297 -1708.4 79.2812 85.6586 -1673.44 85.7856 -34.8678 -1678.75 2.02691 -18.9199 -1670.46 -10.704 81.3644 -1665.02 
6 178.112 21.827 -1689.08 346.842 11.9271 -1708.39 30.3906 89.1262 -1664.86 36.2052 -30.6554 -1679.52 -47.3954 -14.9769 -1669.69 -59.5769 84.6552 -1656.5 6 178.112 21.8258 -1689.08 346.848 11.9264 -1708.39 78.87 85.9818 -1677.08 86.3593 -34.5927 -1675.2 2.46709 -18.8584 -1667.54 -11.0646 81.4722 -1668.1 
7 178.11 21.825 -1689.08 346.845 11.9244 -1708.4 29.5263 89.5408 -1672.5 37.2727 -31.0223 -1670.5 -46.5842 -15.4592 -1662.64 -60.3481 84.8306 -1663.28 7 178.131 21.823 -1689.08 346.865 11.9301 -1708.39 78.6412 86.1493 -1676.7 86.3327 -34.426 -1675.35 2.41606 -18.8602 -1667.77 -11.2948 81.4455 -1667.88 
8 178.15 21.8201 -1689.08 346.883 11.928 -1708.39 30.8946 88.258 -1661.94 35.7017 -30.6898 -1682.61 -47.7447 -14.7746 -1672.11 -59.1319 84.175 -1654.07 8 178.153 21.823 -1689.05 346.88 11.9329 -1708.37 79.5327 85.1025 -1667.42 84.9249 -34.4567 -1683.95 1.29493 -18.4889 -1674.98 -10.5737 80.9828 -1660.37 
9 178.15 22.2229 -1689.06 346.891 12.3268 -1708.38 30.4816 88.871 -1665.55 36.1938 -31.0672 -1678.83 -47.3582 -15.2201 -1669.14 -59.4857 84.5719 -1657.12 9 178.154 22.2275 -1689.05 346.893 12.3288 -1708.37 79.2339 86.0158 -1673.64 85.8106 -34.5588 -1677.58 2.04749 -18.5726 -1669.78 -10.7869 81.7589 -1665.5 
10 178.118 22.2544 -1689.07 346.85 12.3418 -1708.36 29.7394 89.7573 -1671.35 36.7945 -30.8363 -1672.77 -46.9038 -15.0573 -1664.2 -60.1149 85.2804 -1661.77 10 178.107 22.2574 -1689.07 346.839 12.3429 -1708.36 79.211 86.4836 -1673.88 86.1085 -34.1306 -1674.58 2.21215 -18.1755 -1668.54 -10.9052 82.1903 -1667.04 
11 178.112 22.2578 -1689.06 346.844 12.3462 -1708.35 30.2545 89.6681 -1665.21 36.5176 -30.4155 -1676.75 -47.1637 -14.7576 -1668.07 -59.7626 85.1278 -1657.44 11 178.122 22.2603 -1689.05 346.854 12.3453 -1708.36 79.2733 86.7479 -1673.98 86.3088 -33.8734 -1673.66 2.37512 -17.9729 -1667.95 -10.8536 82.3933 -1667.3 
12 178.21 23.427 -1688.95 346.942 13.5126 -1708.24 30.577 90.5342 -1663.92 36.2058 -29.3964 -1677.4 -47.3969 -13.4163 -1668.61 -59.4776 86.3516 -1656.42 12 178.225 23.4222 -1688.95 346.952 13.5106 -1708.24 80.0444 87.039 -1670.49 85.7893 -33.5088 -1676.16 2.00502 -16.9915 -1670.11 -10.1664 83.3462 -1664.54 
13 178.221 23.4187 -1688.94 346.952 13.5056 -1708.25 30.409 90.9174 -1664.16 36.3569 -28.8638 -1678.72 -47.2602 -13.238 -1669.33 -59.5894 86.3887 -1656.19 13 178.227 23.4162 -1688.94 346.957 13.5056 -1708.24 80.1476 86.7355 -1669.85 85.69 -33.7367 -1677.12 1.94243 -17.1526 -1670.85 -10.0512 83.1349 -1664 
14 178.246 23.4174 -1688.95 346.979 13.5051 -1708.26 30.3567 90.6931 -1666.91 36.3635 -29.5166 -1677.31 -47.2147 -13.6636 -1667.8 -59.5768 86.3367 -1658.08 14 178.262 23.4173 -1688.96 346.997 13.5019 -1708.27 79.9265 87.3181 -1672 86.0957 -33.2791 -1675.14 2.27006 -16.9108 -1669.16 -10.2285 83.4915 -1665.64 
15 178.247 23.4352 -1688.92 346.978 13.5198 -1708.26 32.9224 90.6059 -1666.11 39.4434 -29.9128 -1670.73 -44.4108 -13.9235 -1664.46 -57.1686 86.3717 -1659.64 15 178.237 23.4354 -1688.92 346.971 13.5213 -1708.27 83.6086 87.2737 -1668.59 89.4134 -32.9667 -1678.62 5.61463 -16.6783 -1672.3 -6.54554 83.3731 -1663.08 
16 178.228 23.438 -1688.92 346.96 13.5223 -1708.25 33.6677 90.5707 -1668.16 39.8789 -29.8061 -1675.81 -43.7538 -13.8632 -1666.94 -56.2053 86.3029 -1659.43 16 178.219 23.4374 -1688.92 346.947 13.5198 -1708.23 84.2722 85.9272 -1666.8 88.4668 -33.8876 -1681.55 4.9255 -16.7845 -1674.3 -5.90973 82.9888 -1661.16 
17 178.205 23.4401 -1688.92 346.94 13.5209 -1708.24 32.1858 90.0164 -1661.93 36.9983 -28.9411 -1682.22 -46.4672 -12.9879 -1672.1 -57.7799 85.9833 -1654.18 17 178.204 23.4368 -1688.93 346.932 13.5152 -1708.25 83.4808 87.1413 -1672.13 89.5344 -33.4414 -1675.85 5.7292 -17.0251 -1669.6 -6.60508 83.3447 -1665.6 
18 178.208 23.4332 -1688.94 346.94 13.5119 -1708.26 34.8751 89.0362 -1659.07 38.7977 -28.5572 -1686.34 -44.538 -12.6057 -1675.2 -55.1381 85.221 -1651.58 18 178.206 23.4317 -1688.92 346.934 13.512 -1708.24 83.6794 86.7971 -1670.59 89.2109 -33.6779 -1677.3 5.48996 -17.0641 -1670.87 -6.42856 83.2365 -1664.37 
19 178.215 23.4299 -1688.93 346.947 13.5078 -1708.25 32.5302 90.7246 -1674.08 40.7673 -29.4222 -1664.71 -43.2196 -13.8766 -1658.99 -57.3635 86.1219 -1665.71 19 178.22 23.427 -1688.91 346.958 13.5064 -1708.25 83.6276 87.0464 -1665.34 89.1628 -32.1393 -1684.14 5.44118 -16.2293 -1676.21 -6.50289 82.9151 -1659.67 
20 178.237 23.4221 -1688.9 346.966 13.5001 -1708.24 33.8987 90.7866 -1667.34 40.1493 -29.4368 -1677.11 -43.4821 -13.6839 -1667.93 -55.9832 86.3276 -1658.68 20 178.251 23.416 -1688.91 346.98 13.4972 -1708.24 85.0053 83.4257 -1659.7 87.1038 -33.902 -1688.36 3.84877 -16.1484 -1679.59 -5.25835 81.5969 -1655.08 
21 178.249 23.4161 -1688.9 346.985 13.4983 -1708.25 33.7323 90.8445 -1668.69 40.3365 -29.564 -1675.63 -43.334 -13.8401 -1666.69 -56.1105 86.3222 -1659.76 21 178.259 23.4047 -1688.91 346.993 13.4839 -1708.26 83.0531 86.5963 -1671.61 89.0344 -33.7371 -1680.21 5.35253 -17.6127 -1671.91 -6.90945 82.5165 -1663.75 
22 178.257 23.4075 -1688.9 346.984 13.4852 -1708.24 33.792 90.4888 -1670.01 40.089 -30.032 -1675.09 -43.5409 -13.955 -1666.42 -56.0678 86.3298 -1661.01 22 178.243 23.4111 -1688.88 346.968 13.4883 -1708.24 82.1102 87.6355 -1680.02 90.4504 -32.5608 -1671.38 6.48865 -16.9945 -1664.7 -7.69431 83.0379 -1670.79 
23 178.24 23.4058 -1688.9 346.97 13.4841 -1708.28 33.9689 90.3014 -1667.73 39.896 -29.9721 -1677.2 -43.6917 -13.9492 -1668.05 -55.9064 86.1067 -1658.98 23 178.238 23.4031 -1688.89 346.965 13.481 -1708.25 82.6946 87.7306 -1670.96 89.3692 -32.6092 -1678.96 5.59833 -16.9218 -1670.79 -7.24284 83.1716 -1663.08 
24 178.262 23.4333 -1688.66 346.99 13.5091 -1708.04 34.0736 90.6586 -1665.74 40.2409 -29.6242 -1674.86 -43.463 -13.6777 -1666.82 -55.9074 86.3811 -1658.2 24 178.278 23.4297 -1688.65 347.004 13.5063 -1708.03 82.4976 87.5284 -1674.32 89.8973 -33.0547 -1674.76 6.04003 -17.3899 -1667.15 -7.36174 82.9093 -1665.63 
25 178.28 23.4308 -1688.65 347.017 13.5077 -1708.06 33.8838 90.5643 -1668.15 40.2708 -29.8472 -1675.36 -43.3768 -13.9653 -1666.52 -55.9692 86.191 -1659.34 25 178.283 23.4294 -1688.65 347.002 13.5073 -1708.03 82.7528 87.822 -1672.55 89.606 -32.5984 -1679.2 5.80592 -16.9594 -1671.05 -7.15771 83.1837 -1664.33 
26 178.276 23.4238 -1688.64 347.004 13.5023 -1708.05 33.7931 90.7614 -1667.56 39.7843 -29.2433 -1679.89 -43.8438 -13.456 -1670.7 -56.1134 86.3432 -1659.31 26 178.286 23.4229 -1688.64 347.013 13.5009 -1708.05 83.8038 86.2347 -1664.19 88.8544 -32.2615 -1687.18 5.25393 -16.4572 -1677.6 -6.24839 82.0582 -1657.65 
27 178.29 23.4211 -1688.64 347.017 13.502 -1708.04 34.3318 90.2984 -1663.3 39.8004 -29.1506 -1680.41 -43.7588 -13.3767 -1670.65 -55.606 85.9333 -1655.29 27 178.312 23.4242 -1688.63 347.044 13.5105 -1708.05 82.7036 87.2158 -1678.23 90.1378 -33.3297 -1674.98 6.33544 -17.4463 -1667.14 -7.08401 82.8614 -1668.5 
28 178.322 23.4309 -1688.62 347.052 13.5162 -1708.05 34.1208 90.4843 -1666.22 40.1872 -29.7764 -1675.78 -43.4731 -13.821 -1667.18 -55.7996 86.2163 -1658.16 28 178.319 23.4342 -1688.61 347.045 13.5173 -1708.03 83.7972 85.9044 -1660.75 88.1464 -30.7941 -1691.76 4.64813 -15.2005 -1681.07 -6.29341 81.827 -1654.47 
29 178.316 23.4354 -1688.61 347.048 13.5198 -1708.04 35.1507 88.9715 -1656.84 38.9843 -27.8201 -1687.48 -44.358 -12.0483 -1676.12 -54.8799 85.0788 -1649.72 29 178.31 23.4378 -1688.61 347.034 13.5198 -1708.02 81.937 87.3391 -1679.34 89.9686 -32.9645 -1671.75 6.03292 -17.2616 -1664.91 -7.87786 82.8479 -1670.03 
30 178.284 23.4524 -1688.61 347.015 13.5365 -1708.04 33.7099 90.797 -1670.03 40.3843 -29.7517 -1673.9 -43.2767 -13.8638 -1665.22 -56.0985 86.408 -1660.6 30 178.273 23.4548 -1688.62 347 13.5364 -1708.04 82.7139 87.1647 -1675.04 89.4512 -33.4445 -1675.34 5.66868 -17.3212 -1668.06 -7.20161 83.0372 -1666.71 
31 178.279 23.4569 -1688.62 347.013 13.5378 -1708.06 34.0013 90.6441 -1665.9 39.7475 -29.1927 -1679.8 -43.8043 -13.4086 -1670.03 -55.8738 86.2523 -1657.35 31 178.269 23.4607 -1688.64 346.998 13.5391 -1708.05 83.0471 87.6662 -1672.63 89.7273 -32.734 -1679.61 5.96569 -17.0224 -1671.24 -6.86278 83.1198 -1664.21 
32 178.273 23.4666 -1688.64 347.007 13.5451 -1708.07 33.5513 90.882 -1670.46 40.5307 -29.6891 -1672.97 -43.1639 -13.9082 -1664.43 -56.2453 86.3776 -1661.05 32 178.279 23.465 -1688.62 347.006 13.5431 -1708.04 82.7137 87.6343 -1670.04 88.8962 -32.4014 -1682.1 5.17816 -16.6717 -1673.18 -7.22692 83.1622 -1662.14 
33 178.288 23.4667 -1688.62 347.017 13.5452 -1708.03 33.5143 90.7286 -1671.57 40.4713 -29.8708 -1672.41 -43.2195 -13.9652 -1663.79 -56.2542 86.3726 -1661.81 33 178.294 23.4624 -1688.61 347.02 13.5422 -1708.04 83.2991 86.5039 -1663.44 88.0426 -31.4729 -1688.95 4.50543 -15.7391 -1678.79 -6.75385 82.3608 -1656.62 
34 178.289 23.4619 -1688.62 347.013 13.5414 -1708.04 33.5677 90.8138 -1670.65 40.3964 -29.7635 -1673.28 -43.2918 -13.8921 -1664.56 -56.2197 86.4175 -1661.06 34 178.289 23.4639 -1688.63 347.016 13.5439 -1708.05 83.148 87.446 -1671.27 89.3723 -32.8742 -1679.72 5.63247 -16.9228 -1671.57 -6.81786 83.1843 -1663.49 
35 178.291 23.4623 -1688.61 347.018 13.5418 -1708.05 34.0647 90.5127 -1666.28 39.875 -29.571 -1677.85 -43.6829 -13.6424 -1668.31 -55.7964 86.2383 -1657.52 35 178.283 23.4615 -1688.62 347.009 13.5427 -1708.06 83.9736 86.5772 -1664.1 88.9784 -31.9573 -1686.83 5.43749 -16.2494 -1676.62 -6.02373 82.3103 -1656.69 
36 178.29 23.4608 -1688.6 347.013 13.5415 -1708.04 33.812 90.6164 -1667.57 39.044 -28.8293 -1684.74 -44.444 -12.9591 -1674.54 -56.0954 86.3755 -1659.13 36 178.305 23.4533 -1688.6 347.028 13.5349 -1708.02 82.0424 87.7163 -1680.23 90.6161 -32.4143 -1670.99 6.63443 -16.9628 -1664.1 -7.73103 82.997 -1670.62 
37 178.313 23.4442 -1688.61 347.037 13.5237 -1708.05 33.0899 90.6349 -1666.97 39.0804 -29.5148 -1677.71 -44.5127 -13.6321 -1668.47 -56.7838 86.2996 -1658.39 37 178.312 23.4476 -1688.6 347.035 13.5278 -1708.04 82.1044 87.5948 -1672.23 88.864 -32.7703 -1679.67 5.07411 -17.1307 -1671.29 -7.80079 82.9869 -1663.94 
38 178.315 23.4398 -1688.59 347.044 13.5218 -1708.05 33.7456 90.7213 -1668.27 40.0588 -29.6142 -1676.5 -43.625 -13.7567 -1667.96 -56.1595 86.3296 -1659.91 38 178.309 23.4409 -1688.58 347.031 13.5228 -1708.04 82.2311 87.4883 -1678.66 90.3633 -32.8655 -1672.38 6.41732 -17.3219 -1665.42 -7.59317 82.8215 -1669.41 
39 178.311 23.4392 -1688.58 347.032 13.5191 -1708.03 33.7889 90.6442 -1667.57 39.3139 -28.9975 -1683.15 -44.2276 -13.1833 -1673.39 -56.1248 86.315 -1659.23 39 178.322 23.4371 -1688.58 347.05 13.5186 -1708.04 83.3104 87.353 -1668.05 89.1532 -32.2472 -1683.94 5.48853 -16.5669 -1674.79 -6.66779 82.8758 -1660.42 
40 178.323 23.4236 -1688.56 347.048 13.5036 -1708.03 34.2928 90.3722 -1664.61 39.7728 -29.3604 -1679.56 -43.7495 -13.4829 -1669.64 -55.5953 86.093 -1656.04 40 178.321 23.421 -1688.55 347.044 13.5012 -1708.03 83.3737 87.1223 -1669.42 89.3801 -32.9275 -1681.31 5.70588 -17.0845 -1672.43 -6.57067 82.7611 -1661.42 
41 178.328 23.4191 -1688.56 347.049 13.4982 -1708.03 32.9581 90.8618 -1675.48 41.2369 -29.3955 -1667.47 -42.6545 -13.834 -1660.15 -56.7916 86.2308 -1665.6 41 178.334 23.4183 -1688.56 347.059 13.4968 -1708.04 83.5918 86.4334 -1663 89.456 -33.7443 -1673.64 5.80694 -17.7294 -1664.81 -6.35032 82.2374 -1654.78 
42 178.335 23.4184 -1688.55 347.064 13.5001 -1708.04 34.1825 90.4371 -1666.03 39.8557 -29.5715 -1678.52 -43.6702 -13.6518 -1668.7 -55.6636 86.1561 -1657.08 42 178.334 23.4201 -1688.55 347.059 13.4988 -1708.03 84.0404 86.6894 -1663.23 90.3981 -33.5934 -1672.39 6.69368 -17.8151 -1663.69 -5.8711 82.2202 -1654.87 
43 178.331 23.416 -1688.55 347.055 13.4931 -1708.03 34.5995 89.7709 -1661.64 39.5201 -29.3181 -1681.18 -43.9778 -13.3469 -1671.34 -55.3892 85.6992 -1654.05 43 178.329 23.4168 -1688.56 347.053 13.4957 -1708.04 82.2025 87.4897 -1677.69 90.0099 -33.0322 -1674.73 6.13315 -17.4529 -1667.04 -7.60148 82.8045 -1668.25 
44 178.33 23.4188 -1688.55 347.049 13.4956 -1708.03 34.6483 89.4982 -1660.21 39.0954 -28.3437 -1686.4 -44.2892 -12.6268 -1675.56 -55.3462 85.3309 -1652.73 44 178.333 23.4179 -1688.56 347.05 13.4959 -1708.02 83.1928 87.113 -1667.41 89.1875 -32.6937 -1681.71 5.5372 -17.0072 -1672.58 -6.75411 82.6013 -1659.58 
45 178.337 23.417 -1688.55 347.059 13.4955 -1708.03 33.7551 90.9998 -1667.56 40.5272 -29.3879 -1674.85 -43.1692 -13.7907 -1666.27 -56.1187 86.3039 -1658.93 45 178.334 23.4151 -1688.55 347.054 13.494 -1708.04 83.3786 87.5658 -1669.35 90.2454 -32.6966 -1678.38 6.51829 -17.2741 -1669.61 -6.49855 82.7243 -1660.89 
46 178.337 23.4162 -1688.53 347.058 13.4945 -1708.03 34.0743 90.3977 -1667.11 40.036 -29.8898 -1676.46 -43.5144 -13.9086 -1667.24 -55.7816 86.1515 -1658.24 46 178.346 23.4153 -1688.56 347.068 13.4947 -1708.05 82.8535 87.6382 -1673.34 90.539 -32.921 -1674 6.68123 -17.4968 -1666.23 -6.99124 82.7724 -1664.47 
47 178.346 23.4159 -1688.54 347.064 13.4917 -1708.03 33.6866 90.6614 -1668.53 40.1828 -29.7938 -1674.78 -43.449 -13.9564 -1665.9 -56.1516 86.2397 -1659.43 47 178.344 23.4143 -1688.53 347.067 13.4921 -1708.03 82.5288 88.0528 -1673.64 89.7508 -32.4363 -1678.42 5.94977 -16.9571 -1670.18 -7.34151 83.2387 -1664.97 
48 178.35 23.4142 -1688.53 347.068 13.4922 -1708.02 33.7774 90.4593 -1670.15 40.1543 -30.0856 -1674.53 -43.4731 -14.0281 -1665.98 -56.076 86.2573 -1661.01 48 178.348 23.4114 -1688.53 347.072 13.4923 -1708.05 83.3143 86.9823 -1669.2 90.1518 -33.5605 -1673.18 6.42088 -17.7585 -1665.06 -6.56838 82.5093 -1660.51 
49 178.345 23.4108 -1688.53 347.065 13.4891 -1708.03 33.8556 89.7977 -1659.2 38.7342 -28.6416 -1682.5 -44.7465 -12.8632 -1672.61 -56.1824 85.6003 -1652.23 49 178.345 23.4087 -1688.51 347.065 13.4862 -1708.03 83.1938 87.075 -1667.08 88.8709 -32.1916 -1685.46 5.28081 -16.5956 -1675.9 -6.78502 82.5449 -1659.55 
