1 166.213 38.8165 -1637.78 332.601 44.7202 -1672.74 92.7675 85.0039 -1604.85 99.2938 -34.9776 -1618.01 18.4056 -21.0263 -1593.1 5.90406 78.5586 -1580.25 41 166.215 38.8149 -1637.79 332.597 44.7218 -1672.75 89.9408 87.1052 -1619.37 96.3815 -32.8557 -1632.73 15.4893 -18.9003 -1607.89 3.07869 80.6694 -1594.83 
2 166.21 38.8137 -1637.81 332.601 44.7225 -1672.77 93.9398 84.698 -1599.42 99.9079 -34.9173 -1615.76 18.354 -20.9283 -1593.32 6.25369 78.3619 -1578.07 42 166.209 38.8179 -1637.81 332.595 44.7256 -1672.75 91.1759 86.8236 -1613.72 96.9596 -32.7008 -1630.81 15.4288 -18.7236 -1608.3 3.47361 80.4888 -1592.41 
3 166.219 38.812 -1637.83 332.611 44.7163 -1672.76 93.3 84.5242 -1600.65 98.09 -34.6806 -1620.15 17.1358 -20.752 -1595.43 6.06212 78.1974 -1577.47 43 166.22 38.8143 -1637.83 332.609 44.72 -1672.77 90.5202 86.6016 -1614.97 95.1407 -32.5077 -1635.07 14.214 -18.5836 -1610.28 3.27497 80.2906 -1591.81 
4 166.219 38.8144 -1637.82 332.613 44.7217 -1672.77 91.8947 84.7595 -1608.13 101.481 -35.7254 -1609.6 19.814 -21.5437 -1587.78 4.74157 78.4624 -1584.52 44 166.216 38.8141 -1637.82 332.602 44.7202 -1672.76 89.0574 86.9239 -1622.65 98.5947 -33.5598 -1624.47 16.9279 -19.3853 -1602.5 1.91206 80.6143 -1599.02 
5 166.217 38.8147 -1637.81 332.604 44.7205 -1672.76 95.0299 83.6845 -1598.83 97.8504 -34.5762 -1623.74 17.2057 -20.4961 -1598.08 7.77132 77.6871 -1575.61 45 166.219 38.8131 -1637.82 332.613 44.7224 -1672.76 92.2739 85.7494 -1612.98 94.8893 -32.3388 -1638.78 14.2699 -18.2835 -1613.06 5.00338 79.755 -1589.86 
6 166.224 38.8113 -1637.83 332.613 44.7171 -1672.78 92.9127 84.8937 -1605.96 100.666 -35.4266 -1614.61 19.4 -21.342 -1591.13 5.87086 78.5191 -1582.04 46 166.223 38.8114 -1637.82 332.614 44.7189 -1672.76 90.1067 87.037 -1620.42 97.7662 -33.261 -1629.42 16.4985 -19.1802 -1605.9 3.06023 80.6603 -1596.5 
7 166.223 38.8075 -1637.81 332.612 44.717 -1672.78 92.5567 84.6701 -1607.72 101.145 -35.8009 -1612.67 19.8006 -21.5468 -1589.55 5.59171 78.459 -1583.59 47 166.221 38.8094 -1637.81 332.611 44.7172 -1672.77 89.7267 86.8109 -1622.27 98.2314 -33.6587 -1627.48 16.8998 -19.4137 -1604.34 2.75772 80.5865 -1598.07 
8 166.223 38.8138 -1637.8 332.611 44.7197 -1672.75 93.9444 84.1815 -1602.9 99.0864 -35.4677 -1619.34 18.2107 -21.197 -1594.59 6.86926 78.1461 -1579.07 48 166.224 38.8106 -1637.82 332.616 44.7183 -1672.79 91.1739 86.2514 -1617.21 96.124 -33.3029 -1634.28 15.2618 -19.0481 -1609.48 4.06781 80.2144 -1593.38 
9 166.231 38.8131 -1637.82 332.621 44.7211 -1672.76 95.097 83.7983 -1599.2 98.3659 -34.7449 -1622.69 17.5958 -20.6015 -1597.49 7.78067 77.812 -1576.25 49 166.231 38.8122 -1637.8 332.62 44.7183 -1672.75 92.2784 85.9209 -1613.63 95.4612 -32.5513 -1637.48 14.6954 -18.4244 -1612.3 4.96187 79.9349 -1590.72 
10 166.235 38.81 -1637.81 332.625 44.718 -1672.76 94.9466 84.2164 -1598.72 102.253 -36.082 -1607.95 19.8662 -21.5378 -1589.44 6.57446 78.3196 -1580.13 50 166.237 38.8101 -1637.81 332.629 44.7173 -1672.76 92.0898 86.348 -1613.22 99.3631 -33.9316 -1622.83 16.9805 -19.4029 -1604.23 3.72449 80.4333 -1594.65 
