1 165.834 39.192 -1637.51 332.196 44.9635 -1672.56 47.6026 86.287 -1583.26 49.1826 -31.1411 -1611.69 -30.9825 -17.2709 -1584.81 -39.4232 80.263 -1559.28 24 165.857 39.1678 -1637.56 332.224 44.9478 -1672.59 91.9589 86.2761 -1612.25 96.5976 -33.1482 -1630.06 15.1176 -18.516 -1608.01 4.07021 80.7048 -1591.5 
2 165.861 39.1506 -1637.56 332.235 44.9299 -1672.58 46.9207 86.767 -1586.27 49.8726 -31.7747 -1609.45 -30.35 -17.7501 -1582.83 -39.9144 80.7007 -1561.58 25 165.871 39.145 -1637.56 332.242 44.9261 -1672.6 90.5878 88.0912 -1616.98 98.6742 -32.1637 -1625.76 16.8727 -18.2632 -1604.32 2.99332 81.5582 -1595.27 
3 165.885 39.1504 -1637.56 332.259 44.9282 -1672.58 44.6715 86.0208 -1578.55 49.449 -33.536 -1595.45 -32.7078 -18.4343 -1576.67 -43.9603 80.9092 -1561.23 26 165.891 39.1396 -1637.55 332.269 44.9219 -1672.59 90.5202 85.7171 -1600.72 96.7552 -34.3571 -1612.87 13.8112 -19.2283 -1598.01 1.29377 80.5311 -1586.75 
4 165.892 39.1364 -1637.57 332.267 44.9183 -1672.61 43.53 86.1943 -1584.63 50.7051 -34.3708 -1588.92 -31.6985 -19.0239 -1571.39 -44.9225 81.147 -1566.32 27 165.946 39.0554 -1637.64 332.33 44.8753 -1672.65 91.8163 84.4211 -1594.53 95.7191 -33.857 -1618.98 12.9977 -18.6269 -1603 2.39928 79.6944 -1581.71 
5 165.957 39.0522 -1637.62 332.332 44.8699 -1672.63 44.0012 86.1404 -1582.02 50.4179 -34.2262 -1590.76 -31.9863 -18.9831 -1573.12 -44.5765 81.0197 -1564.46 28 165.961 39.0469 -1637.62 332.342 44.8668 -1672.65 90.2699 86.0045 -1602.5 97.4375 -34.3488 -1610.65 14.3591 -19.3539 -1596.28 1.08233 80.6266 -1588.43 
6 165.962 39.0522 -1637.61 332.349 44.8681 -1672.64 43.9948 86.0861 -1582.52 50.2165 -34.2677 -1591.41 -32.094 -18.9539 -1573.38 -44.5103 81.0521 -1564.51 29 165.968 39.0511 -1637.63 332.348 44.869 -1672.65 92.4975 83.1392 -1589.35 95.0032 -32.7128 -1623.7 12.3702 -17.7086 -1607.02 2.92368 78.6448 -1577.66 
7 165.974 39.0552 -1637.61 332.353 44.8708 -1672.63 45.0404 85.5419 -1577.53 49.187 -33.7245 -1596.51 -32.9259 -18.5001 -1577.53 -43.6426 80.6272 -1560.42 30 165.975 39.0524 -1637.6 332.358 44.8688 -1672.62 91.3875 85.323 -1596.12 96.3064 -33.4741 -1617.69 13.4577 -18.5851 -1601.94 2.04588 80.1382 -1583.05 
8 165.992 39.0535 -1637.62 332.373 44.8675 -1672.63 45.3015 85.288 -1575.81 48.7122 -33.4468 -1597.95 -33.3548 -18.1825 -1578.75 -43.4555 80.5292 -1559 31 165.999 39.0451 -1637.6 332.377 44.8633 -1672.61 89.0518 85.5698 -1609.15 98.184 -34.8543 -1605 14.9737 -19.7985 -1591.33 0.0999375 80.2509 -1593.46 
9 166.028 39.0514 -1637.61 332.411 44.8682 -1672.63 45.6117 85.0176 -1575.21 48.6263 -33.4151 -1599.21 -33.3732 -18.1341 -1579.58 -43.1401 80.2889 -1558.4 32 166.032 39.0463 -1637.62 332.414 44.8647 -1672.65 90.604 86.0662 -1600.5 97.2501 -34.0007 -1612.99 14.2189 -19.0943 -1598.09 1.38789 80.5966 -1586.68 
10 166.064 39.0452 -1637.62 332.447 44.8634 -1672.62 45.4679 85.3018 -1575.23 48.818 -33.1883 -1598.91 -33.2203 -18.0834 -1579.38 -43.2749 80.3753 -1558.48 40 166.073 39.0364 -1637.61 332.456 44.8579 -1672.63 90.705 86.0539 -1599.57 97.1986 -33.8612 -1613.38 14.1644 -19.0233 -1598.52 1.44478 80.5528 -1586.01 







