1 160.855 45.2879 -1634.29 327.059 48.9157 -1670.41 85.2013 103.797 -1606.29 98.5222 -15.0427 -1623.77 14.9411 -5.61128 -1607.73 -3.46209 92.681 -1591.98 12 160.856 45.2898 -1634.3 327.059 48.9155 -1670.41 82.473 105.503 -1620.33 95.8317 -13.3276 -1637.76 12.2539 -3.93484 -1621.55 -6.16521 94.3503 -1605.88 
2 160.848 45.2806 -1634.28 327.049 48.9057 -1670.4 85.897 103.469 -1603.52 98.0782 -14.5351 -1626.54 14.7029 -5.17371 -1609.41 -2.75417 92.4461 -1589.08 14 160.847 45.2814 -1634.28 327.048 48.9077 -1670.4 82.9655 105.301 -1618.17 95.2096 -12.7049 -1641.18 11.827 -3.38595 -1624.05 -5.67986 94.2288 -1603.77 
3 160.842 45.2802 -1634.28 327.048 48.9048 -1670.38 82.8181 105.127 -1619.63 95.1542 -13.2631 -1640.45 11.8106 -3.74202 -1623.33 -5.77625 94.2061 -1604.77 15 160.843 45.2791 -1634.29 327.043 48.9026 -1670.39 82.795 105.124 -1619.67 95.1648 -13.2869 -1640.37 11.8165 -3.76166 -1623.26 -5.79689 94.2062 -1604.83 
4 160.839 45.277 -1634.27 327.043 48.9049 -1670.38 85.0827 103.486 -1607.86 99.0149 -16.0334 -1619.11 15.284 -6.16314 -1604.19 -3.62904 92.7323 -1593.69 16 160.838 45.2739 -1634.27 327.04 48.9042 -1670.38 82.1301 105.268 -1622.51 96.1182 -14.2394 -1633.73 12.3794 -4.40849 -1618.83 -6.57109 94.4597 -1608.3 
5 160.839 45.2801 -1634.28 327.042 48.9065 -1670.4 85.5728 103.482 -1605.68 98.3408 -15.2051 -1624.5 14.9124 -5.64824 -1607.79 -3.02773 92.5406 -1590.87 17 160.841 45.278 -1634.29 327.048 48.9042 -1670.38 82.6231 105.302 -1620.39 95.4452 -13.3884 -1639.13 12.0114 -3.87369 -1622.4 -5.97723 94.3141 -1605.59 
6 160.838 45.2746 -1634.28 327.045 48.9019 -1670.39 85.023 103.526 -1608.16 98.5329 -15.7657 -1621.97 15.0749 -6.05004 -1605.66 -3.49984 92.653 -1592.87 18 160.837 45.2744 -1634.28 327.037 48.9009 -1670.37 82.0744 105.344 -1622.88 95.6537 -13.9411 -1636.65 12.1649 -4.25584 -1620.3 -6.4411 94.4359 -1607.55 
7 160.841 45.2696 -1634.29 327.052 48.8963 -1670.4 85.8864 103.026 -1606.65 98.2504 -15.9112 -1624.19 14.8871 -5.91275 -1607.47 -2.73552 92.5146 -1591.56 19 160.837 45.2723 -1634.25 327.039 48.9033 -1670.37 82.936 104.792 -1621.23 95.3411 -14.1184 -1638.84 11.9754 -4.15977 -1622.1 -5.66737 94.2649 -1606.17 
8 160.833 45.2696 -1634.27 327.029 48.8941 -1670.37 85.633 103.267 -1606.87 98.6241 -15.9082 -1622.07 15.1216 -5.97762 -1606.12 -3.03091 92.655 -1592.25 20 160.833 45.2677 -1634.28 327.033 48.8941 -1670.38 82.6775 105.084 -1621.55 95.7326 -14.0939 -1636.74 12.206 -4.19468 -1620.76 -5.98535 94.4229 -1606.87 
9 160.822 45.2648 -1634.28 327.026 48.8914 -1670.38 85.2695 103.738 -1607.73 98.8947 -15.5493 -1621.54 15.3434 -5.86912 -1605.54 -3.31616 92.818 -1592.82 21 160.821 45.2619 -1634.27 327.021 48.8848 -1670.36 82.3198 105.518 -1622.33 95.9889 -13.744 -1636.19 12.4329 -4.10587 -1620.21 -6.26169 94.5726 -1607.44 
10 160.812 45.2569 -1634.26 327.021 48.8853 -1670.37 84.9862 103.68 -1609.01 98.7582 -15.7931 -1620.93 15.2097 -5.95817 -1604.98 -3.5563 92.8678 -1593.74 22 160.819 45.2633 -1634.29 327.021 48.8897 -1670.38 82.044 105.455 -1623.63 95.8651 -13.9961 -1635.58 12.3082 -4.19521 -1619.64 -6.48343 94.6285 -1608.37 
