1 160.339 45.4291 -1634.96 326.606 48.9962 -1670.88 37.9746 111.186 -1592.68 48.9574 -6.36635 -1618.47 -34.0916 3.24194 -1599.99 -50.5593 100.462 -1577.34 2 160.354 45.4297 -1634.97 326.624 48.997 -1670.86 84.9368 103.55 -1612.97 99.5059 -16.2779 -1618.89 15.9038 -6.17898 -1603.22 -3.51914 92.9151 -1596.99 
2 160.377 45.428 -1634.97 326.639 48.9933 -1670.85 37.2272 102.933 -1596.68 48.7572 -15.2404 -1619.14 -34.4004 -5.44481 -1601.19 -51.3077 92.3013 -1581.26 3 160.384 45.428 -1634.96 326.657 48.9955 -1670.86 85.8412 103.023 -1608.93 98.7237 -16.381 -1622.37 15.2378 -6.10603 -1606.31 -2.79676 92.6696 -1593.79 
3 160.462 45.4104 -1634.92 326.727 48.9843 -1670.81 35.2682 103.558 -1604.2 50.2347 -16.1875 -1610.58 -33.2796 -6.46116 -1594.4 -53.0281 92.5474 -1587.65 4 160.474 45.4003 -1634.93 326.748 48.9768 -1670.83 82.456 103.276 -1611.59 98.2379 -16.5548 -1611.33 14.0923 -6.59829 -1599.11 -6.38586 92.4781 -1598.1 
4 160.473 45.4092 -1634.92 326.735 48.9875 -1670.81 34.9602 103.75 -1603 49.8739 -15.9028 -1610.99 -33.6674 -6.34723 -1594.84 -53.3756 92.5734 -1586.84 5 160.501 45.4017 -1634.91 326.761 48.9787 -1670.79 84.001 103.296 -1614.67 99.7114 -16.5306 -1614.96 15.9087 -6.53678 -1600.44 -4.45041 92.5531 -1598.83 
5 160.513 45.4035 -1634.9 326.774 48.9835 -1670.8 36.4595 103.191 -1596.64 48.9035 -15.2091 -1617.44 -34.4086 -5.73009 -1600.07 -52.0721 92.172 -1581.61 6 160.522 45.4009 -1634.9 326.779 48.9823 -1670.78 84.8119 103.264 -1612.28 99.1549 -16.5031 -1619.72 15.617 -6.45985 -1603.77 -3.60524 92.5927 -1596.22 
6 160.543 45.3973 -1634.92 326.805 48.9777 -1670.79 35.7708 103.395 -1602.21 49.8405 -16.1735 -1612.76 -33.551 -6.39801 -1596.08 -52.5603 92.4627 -1585.88 7 160.543 45.3934 -1634.87 326.804 48.9762 -1670.77 83.3967 103.544 -1617.75 100.458 -16.0067 -1612.95 16.6302 -6.34297 -1598.58 -4.84862 92.4992 -1601.05 
7 160.553 45.3949 -1634.87 326.811 48.9818 -1670.77 36.3454 103.355 -1598.01 49.2863 -15.409 -1616.21 -34.0458 -5.90621 -1599.15 -52.1211 92.2831 -1582.71 8 160.543 45.395 -1634.89 326.809 48.9816 -1670.78 84.5579 103.454 -1611.97 99.211 -16.302 -1619 15.6044 -6.42342 -1603.37 -3.8798 92.6079 -1596.19 
8 160.557 45.3861 -1634.87 326.814 48.9746 -1670.77 34.4464 103.485 -1608.66 51.1515 -16.1799 -1605.99 -32.4627 -6.49308 -1590.54 -53.6586 92.458 -1591.29 9 160.554 45.3826 -1634.87 326.811 48.9707 -1670.76 87.1352 100.878 -1597.22 96.3552 -14.4198 -1632.27 13.1914 -4.64648 -1614.53 -1.85971 90.7783 -1584.38 
9 160.554 45.3745 -1634.87 326.81 48.9673 -1670.78 38.7059 100.332 -1586.13 46.6786 -12.335 -1629.05 -36.1326 -3.3966 -1609.3 -50.1274 89.8352 -1572.48 10 160.559 45.3762 -1634.87 326.814 48.9699 -1670.76 86.7333 101.604 -1599.92 97.2996 -15.4138 -1628.24 13.8909 -5.45946 -1611.64 -2.25404 91.3924 -1587.12 
10 160.568 45.3773 -1634.87 326.827 48.9742 -1670.78 36.9023 102.668 -1595.72 48.4807 -15.2265 -1619.63 -34.6507 -5.73353 -1601.46 -51.6063 91.802 -1580.35 11 160.574 45.3721 -1634.88 326.828 48.9681 -1670.76 85.8513 102.455 -1604.25 97.7046 -15.9378 -1625.45 14.3118 -6.02919 -1608.76 -2.88508 91.9329 -1589.96 
